index, fuse_probs, fuse_deltas
0, [  1.26351268e-04   9.99873638e-01], [[[  7.81086426e+02  -5.75466211e+03   9.07528198e+02]
  [ -8.70360657e+02  -4.09498633e+03   4.15624902e+03]
  [ -7.92718628e+02   1.76720166e+03   1.58046655e+03]
  [ -2.18012598e+03   2.08302441e+03   2.34409180e+03]
  [  2.20310010e+03  -5.46704712e+02  -4.75698547e+02]
  [ -1.36649658e+02   1.88101172e+03  -2.20421436e+03]
  [  2.55878003e+03   8.39922485e+02  -7.74507446e+02]
  [  3.36435889e+03  -4.14062891e+03   5.03338623e+00]]

 [[ -4.61693970e+02  -1.54402307e+03   2.39625781e+03]
  [  2.12254492e+03   5.95552979e+02  -1.92656580e+03]
  [  2.92009351e+03  -8.10123047e+02   6.99380371e+03]
  [ -1.51284900e+03  -2.97534204e+03  -1.62174121e+03]
  [  4.91166260e+02   1.09019177e+03   1.48785461e+03]
  [  4.42124146e+02   1.88640918e+03   1.74100977e+03]
  [  2.60171021e+03  -1.23437012e+02   1.94768091e+03]
  [ -2.24967578e+03  -1.23028656e+02  -1.22533496e+03]]]
1, [ 1.  0.], [[[  -341.44091797  -8771.15332031    116.99865723]
  [ -3711.43164062  -8383.62988281   4015.68408203]
  [  -884.17907715   5267.37841797    992.05810547]
  [ -4789.47851562   7851.83300781   5507.97949219]
  [  4214.05712891   -764.01049805   -955.00689697]
  [ -1768.39257812   4244.53076172  -1368.00891113]
  [  4752.13964844  -1437.35498047   2176.51367188]
  [  2236.36621094 -11256.87695312   1887.5234375 ]]

 [[   308.30493164  -3225.82763672   1912.50097656]
  [  2986.67773438    116.14819336   -633.49395752]
  [  5910.29785156   2624.7121582    6918.85205078]
  [ -4891.43847656  -7027.57177734  -4370.13183594]
  [ -4740.34619141   -281.57946777   1438.07519531]
  [    57.32897949   1798.74731445   3173.18139648]
  [  3718.41650391    530.10620117    884.57751465]
  [ -2266.53344727   -195.04956055  -3020.37036133]]]
2, [ 1.  0.], [[[ -2357.20898438  -6126.27441406  -1550.18981934]
  [ -3838.12744141  -6902.75488281   3194.73901367]
  [  1656.54541016   7308.95996094  -1311.11621094]
  [ -5803.78222656   6726.06640625   4812.140625  ]
  [  2030.55224609  -1412.13830566  -2440.40136719]
  [   -14.87011719   6312.06494141    625.59509277]
  [  3061.90527344  -5728.12792969   3587.54077148]
  [  1636.53942871 -10818.82324219   1116.88256836]]

 [[  -286.92895508  -7199.96289062   -797.09472656]
  [  1548.10144043   2098.35058594   2530.69165039]
  [  7278.94628906   5224.79785156   5122.76269531]
  [ -5120.17675781  -5175.46679688   -803.48803711]
  [ -6075.61621094   -415.10412598    461.68652344]
  [ -1378.15002441   3116.09155273   1781.4152832 ]
  [  2270.11035156   -485.89526367   2752.11669922]
  [   958.13574219   -294.84454346  -3868.13549805]]]
3, [ 1.  0.], [[[ -202.42114258 -7067.33007812 -1125.37573242]
  [-3827.24072266 -5708.94824219  3053.39038086]
  [ -409.04003906  5404.06933594  3378.97607422]
  [-4367.51123047  8771.95117188  5624.44433594]
  [ 4477.26611328  -943.2878418   -612.98254395]
  [-1001.03747559  3817.91601562   -79.16845703]
  [ 2979.81591797 -4553.99853516  2014.17150879]
  [ 1138.58691406 -8294.89550781  1226.8125    ]]

 [[-2421.90063477  -961.84033203  -168.20544434]
  [ 3269.9140625   -992.5994873   1404.6072998 ]
  [ 4854.77441406  1375.30664062  5252.68310547]
  [-3116.92675781 -2235.56054688 -3064.05712891]
  [-2592.57763672  -991.57513428  -410.64080811]
  [ -438.47058105  1347.77539062  1148.81567383]
  [ 2855.81445312  -282.95324707  -129.36260986]
  [ 1099.16992188   145.61901855 -1442.50964355]]]
4, [ 1.  0.], [[[-1384.87426758 -4337.67431641 -1621.60107422]
  [-3349.53808594 -4516.55859375  2470.73974609]
  [ 1846.67480469  4957.52636719  -620.10302734]
  [-4076.69335938  5778.79199219  3851.67626953]
  [ 2628.69750977  -712.17492676 -2383.55566406]
  [ -308.05981445  5449.92724609  1311.77685547]
  [ 2238.01318359 -5060.84277344  2624.77172852]
  [ 1529.97497559 -8497.58691406  1090.68347168]]

 [[ -390.00524902 -5162.70751953   -22.296875  ]
  [ 1411.94702148  1199.00195312  1140.66918945]
  [ 5503.97119141  3634.31176758  4445.91015625]
  [-4048.52490234 -4450.14160156  -599.98535156]
  [-4411.16552734    30.97412109  1364.00952148]
  [ -670.86199951  2548.70288086  1454.78747559]
  [ 1861.95068359   213.99560547  1991.07299805]
  [  886.45983887   206.73913574 -3177.38037109]]]
5, [ 0.  1.], [[[-1154.35876465 -2353.60522461  -805.52374268]
  [-1281.29272461 -2149.86230469   571.80871582]
  [  710.94171143  3051.91503906 -1183.99780273]
  [-2282.98168945  2398.29882812  1915.7565918 ]
  [  912.9229126   -692.01696777  -857.90148926]
  [  488.38171387  1826.07397461   134.85372925]
  [  680.16101074 -3340.65625     2237.76660156]
  [  161.73840332 -4073.75048828   141.64501953]]

 [[ -224.37249756 -2337.35839844  -531.43652344]
  [  178.065979     193.38098145  1094.09179688]
  [ 2330.74804688  2430.90917969  1093.30065918]
  [-1566.03393555 -1982.05615234 -1252.46643066]
  [-2588.06933594   488.41809082  -689.4331665 ]
  [ -893.16247559  2622.15209961   225.01409912]
  [ 1971.93676758 -1043.55224609  1713.29492188]
  [  172.58618164  -873.32788086 -1197.67724609]]]
6, [ 1.  0.], [[[  -793.89038086  -9225.99316406    326.29760742]
  [ -4635.49169922  -9289.47265625   3667.29272461]
  [  -628.03356934   5941.23779297    435.74707031]
  [ -4829.11132812   8556.63476562   6596.26171875]
  [  3901.53344727   -586.38378906  -1573.3059082 ]
  [ -2471.39990234   5029.09570312   -541.62835693]
  [  4517.53466797  -1644.8605957    2139.49658203]
  [  2570.67773438 -12680.3671875    1860.80822754]]

 [[   346.72210693  -5208.94091797   2299.94335938]
  [  3531.98583984   1236.88244629   -756.48980713]
  [  6645.62890625   3542.85644531   6218.97363281]
  [ -5366.17675781  -8215.62988281  -3968.21508789]
  [ -6668.25         -410.36462402    778.42089844]
  [  -431.15649414   2812.33105469   3463.4777832 ]
  [  3197.70043945     97.42163086   1499.19067383]
  [ -1469.60888672   -347.08349609  -3296.63549805]]]
7, [ 1.  0.], [[[  261.01513672 -7420.40869141  1635.17626953]
  [-2171.70581055 -5162.97851562  3202.40844727]
  [-1511.21191406  2742.60644531   413.35681152]
  [-2692.1965332   3028.10766602  4047.17700195]
  [ 2134.94213867   576.94799805  -630.65887451]
  [-1342.48461914  2361.67382812 -3200.49121094]
  [ 3705.76879883   694.48101807  -693.39379883]
  [ 3207.83935547 -7311.58154297   796.7064209 ]]

 [[   76.01202393 -2540.42822266  2531.96533203]
  [ 2052.17944336   541.5213623  -2687.25708008]
  [ 3561.12695312   987.88354492  6636.37744141]
  [-2591.46142578 -4687.33544922 -2892.79980469]
  [-1009.44354248  1715.21508789  1616.43774414]
  [  183.64782715  2092.00048828  3192.26464844]
  [ 1735.19641113   144.90161133  3041.31835938]
  [-2501.78417969   207.09216309 -2105.86010742]]]
8, [ 1.  0.], [[[  131.31811523 -6342.52832031 -1055.91516113]
  [-3721.9765625  -6228.82226562  3364.53271484]
  [  -84.88269043  5691.58203125  2914.93725586]
  [-4379.63037109  8508.83398438  6042.38720703]
  [ 4275.89746094 -1382.27319336  -453.14071655]
  [-1145.64733887  4185.59375     -185.97668457]
  [ 2694.57519531 -3850.85839844  1616.72485352]
  [  866.71594238 -8697.91210938  1266.67248535]]

 [[-2001.484375   -1658.14025879   236.97454834]
  [ 2827.48681641  -760.7442627   1481.72216797]
  [ 5137.32958984  1458.76586914  5168.90771484]
  [-3090.13378906 -2453.52075195 -3165.88916016]
  [-3183.13818359 -1016.59790039   193.56176758]
  [ -103.64794922  1692.22790527  1759.7911377 ]
  [ 2692.69506836  -177.15576172   200.56524658]
  [  890.1328125   -258.47021484 -1609.1328125 ]]]
9, [ 0.  1.], [[[ -2.15751880e+03  -3.98144043e+03  -7.90285645e+02]
  [ -1.91502612e+03  -1.82660571e+03   7.10878906e+01]
  [ -7.89302612e+02   4.88358691e+03   3.53454102e+02]
  [ -2.83459570e+03   3.91809009e+03   3.07688135e+03]
  [  2.79933105e+03  -1.41656250e+03  -3.56400439e+03]
  [ -5.53688171e+02   3.44146680e+03  -1.37902905e+03]
  [  1.33340686e+03  -5.83242480e+03   2.40001562e+03]
  [ -2.22242456e+03  -6.84528320e+03  -6.84381226e+02]]

 [[ -1.13209082e+03  -3.04677344e+03  -1.73857593e+03]
  [  1.40541992e+02  -2.43585303e+03   1.42986731e+03]
  [  1.69312695e+03   2.86232056e+03   1.63957520e+03]
  [ -1.53665088e+03  -2.40512891e+03  -2.03383044e+03]
  [ -2.96101416e+03   1.71707935e+03  -1.28778784e+03]
  [ -6.47499817e+02   3.88011523e+03   2.99203491e+00]
  [  3.99090771e+03  -2.48671338e+03   1.90313696e+03]
  [  1.07193164e+03  -8.85646362e+01  -2.95042969e+03]]]
